# set xran [0.0:0.49497890310677745]
# plot for [ii=2:41] 'pyband.dat' u 1:ii with line lc rgb '#000' t ''
# 
    0.0000   -13.2990   -13.0702   -12.9724   -12.8115    -7.0921    -6.5368    -5.7988    -5.5935    -5.1020    -4.7504    -4.0310    -3.9448    -2.7693    -2.6127    -1.9105    -1.7432    -1.5477    -1.4185     1.3954     1.9102     2.1846     2.6568     3.0457     3.4644     3.6137     4.1274     4.5328     5.4268     6.8519     7.2074     7.5465     7.9450     8.3603     8.7570     8.9481     9.3865    10.0854    10.1100    10.3139    10.8355
    0.0072   -13.3104   -13.0795   -12.9765   -12.8152    -7.0797    -6.5273    -5.7893    -5.5838    -5.0991    -4.7460    -4.0260    -3.9401    -2.7682    -2.6076    -1.9153    -1.7493    -1.5611    -1.4270     1.3939     1.9012     2.1779     2.6356     3.0419     3.4618     3.6105     4.1241     4.5697     5.4597     6.8515     7.2026     7.5255     7.9324     8.3464     8.7830     8.9425     9.3702    10.1062    10.1367    10.3277    10.8559
    0.0145   -13.3439   -13.1072   -12.9885   -12.8261    -7.0430    -6.4993    -5.7613    -5.5551    -5.0906    -4.7331    -4.0111    -3.9259    -2.7646    -2.5927    -1.9297    -1.7674    -1.5984    -1.4522     1.3893     1.8749     2.1582     2.5785     3.0286     3.4538     3.5992     4.1137     4.6754     5.5552     6.8507     7.1911     7.4691     7.8857     8.3208     8.8307     8.9219     9.3809    10.1165    10.1691    10.4320    10.9132
    0.0217   -13.3983   -13.1522   -13.0083   -12.8439    -6.9835    -6.4539    -5.7155    -5.5081    -5.0778    -4.7132    -3.9863    -3.9023    -2.7573    -2.5687    -1.9539    -1.7976    -1.6521    -1.4924     1.3829     1.8339     2.1277     2.4992     3.0023     3.4402     3.5770     4.0962     4.8374     5.7054     6.8497     7.1789     7.3897     7.8095     8.2729     8.8736     8.9101     9.4585    10.0675    10.2710    10.5568    10.9999
    0.0290   -13.4715   -13.2130   -13.0356   -12.8681    -6.9034    -6.3929    -5.6533    -5.4447    -5.0622    -4.6886    -3.9518    -3.8695    -2.7450    -2.5364    -1.9881    -1.8398    -1.7129    -1.5430     1.3765     1.7816     2.0897     2.4103     2.9612     3.4210     3.5409     4.0712     5.0404     5.8976     6.8443     7.1687     7.3040     7.7297     8.1810     8.8877     8.9663     9.5560    10.0551    10.4089    10.6319    11.1302
    0.0362   -13.5608   -13.2878   -13.0695   -12.8983    -6.8057    -6.3186    -5.5771    -5.3678    -5.0445    -4.6622    -3.9078    -3.8275    -2.7263    -2.4961    -2.0326    -1.8938    -1.7707    -1.5969     1.3719     1.7216     2.0480     2.3200     2.9053     3.3953     3.4895     4.0382     5.2701     6.1147     6.8181     7.1385     7.2621     7.6707     8.0651     8.8779     9.0736     9.6223    10.1056    10.5772    10.6850    11.2790
    0.0435   -13.6635   -13.3745   -13.1093   -12.9335    -6.6942    -6.2341    -5.4907    -5.2831    -5.0215    -4.6369    -3.8544    -3.7768    -2.7000    -2.4479    -2.0874    -1.9592    -1.8163    -1.6456     1.3711     1.6571     2.0065     2.2325     2.8348     3.3629     3.4222     3.9967     5.5120     6.3314     6.7433     7.0874     7.3065     7.6496     7.9528     8.8604     9.1779     9.6620    10.1930    10.7638    10.7722    11.4629
    0.0507   -13.7768   -13.4708   -13.1539   -12.9731    -6.5741    -6.1427    -5.4017    -5.2008    -4.9813    -4.6152    -3.7921    -3.7176    -2.6654    -2.3917    -2.1524    -2.0352    -1.8421    -1.6806     1.3760     1.5911     1.9691     2.1503     2.7514     3.3225     3.3402     3.9460     5.7518     6.4910     6.6408     7.0599     7.4194     7.6772     7.8608     8.8419     9.2324     9.7228    10.2748    10.8982    10.9823    11.6486
    0.0580   -13.8979   -13.5745   -13.2023   -13.0161    -6.4522    -6.0483    -5.3261    -5.1255    -4.9074    -4.5969    -3.7212    -3.6502    -2.6219    -2.3271    -2.2270    -2.1208    -1.8426    -1.6944     1.3882     1.5269     1.9388     2.0743     2.6571     3.2414     3.2775     3.8858     5.9682     6.4153     6.6737     7.0801     7.5917     7.7477     7.8062     8.8248     9.2196     9.8258    10.3389    11.0689    11.2067    11.8327
    0.0652   -14.0242   -13.6833   -13.2535   -13.0616    -6.3393    -5.9544    -5.2821    -5.0383    -4.8032    -4.5760    -3.6422    -3.5751    -2.5701    -2.3109    -2.2539    -2.2145    -1.8153    -1.6820     1.4087     1.4676     1.9183     2.0053     2.5548     3.1336     3.2222     3.8156     6.0940     6.2971     6.6975     7.1684     7.7321     7.8210     7.9020     8.8058     9.1659     9.9424    10.3882    11.2369    11.4337    11.6179
    0.0725   -14.1532   -13.7951   -13.3065   -13.1089    -6.2508    -5.8647    -5.2596    -4.9312    -4.6952    -4.5323    -3.5556    -3.4927    -2.5110    -2.4018    -2.3149    -2.1739    -1.7602    -1.6417     1.4163     1.4380     1.9091     1.9436     2.4479     3.0168     3.1591     3.7353     5.9927     6.3041     6.7213     7.2911     7.7309     8.0180     8.1039     8.7767     9.0987    10.0311    10.4187    11.2339    11.4625    11.6342
    0.0797   -14.2827   -13.9078   -13.3603   -13.1569    -6.2041    -5.7848    -5.2292    -4.8171    -4.6113    -4.4336    -3.4623    -3.4039    -2.4989    -2.4466    -2.4196    -2.0887    -1.6795    -1.5749     1.3769     1.4760     1.8895     1.9119     2.3405     2.8948     3.0878     3.6446     5.8202     6.2638     6.7963     7.4094     7.7548     8.2048     8.3482     8.7309     9.0288    10.0526    10.4212    11.0359    11.3854    11.5909
    0.0870   -14.4108   -14.0198   -13.4141   -13.2050    -6.2074    -5.7281    -5.1670    -4.7085    -4.5291    -4.2913    -3.3629    -3.3093    -2.6001    -2.5273    -2.3787    -2.0015    -1.5779    -1.4848     1.3527     1.5226     1.8442     1.9266     2.2374     2.7716     3.0086     3.5442     5.6439     6.1655     6.8744     7.4967     7.8135     8.3821     8.5795     8.6810     8.9628     9.9986    10.3766    10.9195    11.3227    11.6273
    0.0942   -14.5357   -14.1293   -13.4669   -13.2523    -6.2539    -5.7096    -5.0626    -4.6058    -4.4220    -4.1314    -3.2587    -3.2099    -2.7034    -2.6353    -2.3109    -1.9157    -1.4643    -1.3746     1.3473     1.5767     1.8080     1.9524     2.1439     2.6514     2.9220     3.4347     5.4732     6.0446     6.9075     7.5402     7.8799     8.4815     8.6313     8.8075     8.9563     9.9138    10.2843    10.8851    11.2851    11.5778
    0.1015   -14.6558   -14.2348   -13.5181   -13.2982    -6.3300    -5.7306    -4.9220    -4.4975    -4.2958    -3.9638    -3.1511    -3.1066    -2.8067    -2.7418    -2.2462    -1.8352    -1.3504    -1.2458     1.3639     1.6374     1.7813     1.9882     2.0655     2.5379     2.8288     3.3173     5.3112     5.9167     6.8756     7.5267     7.8902     8.4699     8.6382     8.9927     9.0847     9.8430    10.1808    10.8511    11.2137    11.4834
    0.1087   -14.7698   -14.3352   -13.5670   -13.3420    -6.4228    -5.7807    -4.7581    -4.3773    -4.1612    -3.7925    -3.0430    -3.0007    -2.9065    -2.8446    -2.1881    -1.7640    -1.2456    -1.1031     1.4042     1.7032     1.7639     2.0080     2.0327     2.4354     2.7305     3.1938     5.1595     5.7885     6.7741     7.4325     7.8059     8.4628     8.6975     9.1731     9.2565     9.7978    10.0856    10.7519    11.1009    11.4643
    0.1160   -14.8763   -14.4292   -13.6129   -13.3832    -6.5225    -5.8481    -4.5821    -4.2472    -4.0242    -3.6199    -3.0134    -2.9495    -2.9174    -2.8929    -2.1404    -1.7063    -1.1541    -0.9546     1.4685     1.7554     1.7724     1.9781     2.0826     2.3480     2.6286     3.0662     5.0190     5.6633     6.6063     7.2625     7.6577     8.5095     8.8106     9.2882     9.4200     9.7785     9.9982    10.6199    10.9817    11.3388
    0.1232   -14.9744   -14.5158   -13.6553   -13.4214    -6.6224    -5.9235    -4.4022    -4.1120    -3.8876    -3.4474    -3.1021    -3.0365    -2.8166    -2.7857    -2.1066    -1.6665    -1.0779    -0.8085     1.5545     1.7562     1.8431     1.9780     2.1366     2.2792     2.5259     2.9374     4.8904     5.5425     6.3850     7.0456     7.4967     8.6029     8.9343     9.2828     9.5126     9.7943     9.9210    10.5518    10.9438    11.0814
    0.1305   -15.0630   -14.5942   -13.6938   -13.4560    -6.7179    -6.0000    -4.2246    -3.9767    -3.7535    -3.2761    -3.1869    -3.1202    -2.7124    -2.6806    -2.0890    -1.6481    -1.0175    -0.6714     1.6570     1.7685     1.9132     2.0063     2.1911     2.2319     2.4253     2.8103     4.7738     5.4263     6.1337     6.8047     7.3535     8.7185     9.0037     9.2045     9.4580     9.8065     9.9002    10.6217    10.8484    11.0825
    0.1377   -15.1415   -14.6636   -13.7279   -13.4867    -6.8055    -6.0729    -4.0549    -3.8467    -3.6233    -3.2635    -3.1953    -3.1071    -2.6141    -2.5800    -2.0888    -1.6534    -0.9722    -0.5484     1.7641     1.7986     1.9803     2.0579     2.2073     2.2380     2.3357     2.6884     4.6694     5.3130     5.8792     6.5582     7.2352     8.8017     8.9243     9.1919     9.3200     9.8011     9.9327    10.6220    10.8072    10.9307
    0.1449   -15.2090   -14.7234   -13.7574   -13.5132    -6.8828    -6.1390    -3.8984    -3.7264    -3.4990    -3.3304    -3.2604    -2.9412    -2.5245    -2.4868    -2.1049    -1.6830    -0.9400    -0.4430     1.8224     1.8900     2.0421     2.1245     2.2062     2.2179     2.3186     2.5757     4.5771     5.1992     5.6465     6.3234     7.1393     8.6498     8.9827     9.0336     9.3320     9.8065     9.9794    10.4310    10.7242    11.0474
    0.1522   -15.2650   -14.7730   -13.7818   -13.5352    -6.9481    -6.1957    -3.7604    -3.6204    -3.3869    -3.3831    -3.3149    -2.7796    -2.4463    -2.4042    -2.1344    -1.7359    -0.9184    -0.3573     1.8667     1.9942     2.0934     2.1460     2.1849     2.2427     2.3579     2.4761     4.4967     5.0808     5.4560     6.1143     7.0625     8.4501     8.8086     9.1001     9.3614     9.8320    10.0398    10.2691    10.5595    11.3054
    0.1594   -15.3090   -14.8121   -13.8011   -13.5525    -7.0000    -6.2413    -3.6461    -3.5330    -3.4309    -3.3578    -3.2807    -2.6241    -2.3818    -2.3354    -2.1721    -1.8094    -0.9048    -0.2918     1.9109     2.0721     2.0830     2.1467     2.2218     2.3132     2.3920     2.3973     4.4287     4.9614     5.3182     5.9419     7.0032     8.2728     8.6256     9.1783     9.3688     9.8732    10.1120    10.1407    10.4287    11.5727
    0.1667   -15.3407   -14.8402   -13.8149   -13.5650    -7.0377    -6.2747    -3.5604    -3.4677    -3.4630    -3.3889    -3.1973    -2.4782    -2.3337    -2.2838    -2.2101    -1.8986    -0.8969    -0.2462     1.9491     2.0239     2.1484     2.1784     2.2521     2.3325     2.3832     2.4244     4.3748     4.8580     5.2281     5.8141     6.9607     8.1355     8.4844     9.2289     9.3648     9.9184    10.0454    10.1852    10.3332    11.7350
    0.1739   -15.3598   -14.8571   -13.8233   -13.5726    -7.0605    -6.2951    -3.5072    -3.4826    -3.4271    -3.4076    -3.1413    -2.3532    -2.3039    -2.2517    -2.2372    -1.9925    -0.8929    -0.2194     1.9751     1.9931     2.1874     2.1985     2.2751     2.2954     2.4320     2.4427     4.3389     4.7893     5.1769     5.7360     6.9350     8.0489     8.3957     9.2550     9.3592     9.9539     9.9882    10.2384    10.2753    11.7999
    0.1812   -15.3662   -14.8628   -13.8261   -13.5751    -7.0682    -6.3019    -3.4892    -3.4891    -3.4139    -3.4134    -3.1214    -2.2961    -2.2937    -2.2408    -2.2404    -2.0467    -0.8917    -0.2106     1.9822     1.9846     2.1992     2.2059     2.2813     2.2858     2.4473     2.4510     4.3262     4.7655     5.1601     5.7098     6.9265     8.0193     8.3654     9.2628     9.3569     9.9663     9.9701    10.2537    10.2601    11.8113
    0.1812   -15.3662   -14.8628   -13.8261   -13.5751    -7.0682    -6.3019    -3.4892    -3.4891    -3.4139    -3.4134    -3.1214    -2.2961    -2.2937    -2.2408    -2.2404    -2.0467    -0.8917    -0.2106     1.9822     1.9846     2.1992     2.2059     2.2813     2.2858     2.4473     2.4510     4.3262     4.7655     5.1601     5.7098     6.9265     8.0193     8.3654     9.2628     9.3569     9.9663     9.9701    10.2537    10.2601    12.0088
    0.1896   -15.3577   -14.8553   -13.8224   -13.5718    -7.0580    -6.2928    -3.5132    -3.4804    -3.4317    -3.4055    -3.1478    -2.3701    -2.3076    -2.2555    -2.2337    -1.9788    -0.8933    -0.2225     1.9709     1.9978     2.1822     2.1972     2.2737     2.2980     2.4276     2.4391     4.3431     4.7971     5.1825     5.7448     6.9379     8.0588     8.4056     9.2523     9.3598     9.9487     9.9956    10.2338    10.2798    11.7878
    0.1979   -15.3322   -14.8327   -13.8112   -13.5617    -7.0276    -6.2658    -3.5835    -3.4854    -3.4544    -3.3805    -3.2205    -2.5209    -2.3484    -2.2997    -2.1966    -1.8695    -0.8988    -0.2585     1.9367     2.0395     2.1308     2.1699     2.2436     2.3485     2.3645     2.4146     4.3898     4.8871     5.2515     5.8486     6.9721     8.1734     8.5225     9.2162     9.3665     9.9045    10.0699    10.1662    10.3573    11.7094
    0.2063   -15.2901   -14.7953   -13.7928   -13.5451    -6.9776    -6.2216    -3.6954    -3.5709    -3.4121    -3.3397    -3.3254    -2.6907    -2.4174    -2.3741    -2.1455    -1.7699    -0.9101    -0.3202     1.8860     2.0447     2.1021     2.1311     2.2034     2.2813     2.3748     2.4323     4.4588     5.0163     5.3757     6.0171     7.0286     8.3522     8.7059     9.1472     9.3694     9.8531    10.0670    10.2015    10.4829    11.4595
    0.2147   -15.2317   -14.7436   -13.7673   -13.5221    -6.9090    -6.1617    -3.8420    -3.6833    -3.4499    -3.3542    -3.2835    -2.8664    -2.5161    -2.4788    -2.0914    -1.6893    -0.9301    -0.4081     1.8263     1.9304     2.0634     2.1457     2.2003     2.2154     2.3237     2.5460     4.5455     5.1559     5.5692     6.2422     7.1079     8.5780     8.9383     9.0477     9.3551     9.8124     9.9779    10.3632    10.6479    11.1927
    0.2230   -15.1577   -14.6781   -13.7350   -13.4931    -6.8234    -6.0881    -4.0154    -3.8164    -3.5836    -3.2832    -3.2141    -3.0421    -2.6457    -2.6119    -2.0406    -1.6300    -0.9623    -0.5216     1.7646     1.7986     1.9942     2.0686     2.1831     2.2469     2.3316     2.6857     4.6486     5.2908     5.8297     6.5116     7.2113     8.8204     8.9273     9.1985     9.3158     9.7918     9.9039    10.5474    10.8302    10.9389
    0.2314   -15.0690   -14.5995   -13.6963   -13.4583    -6.7229    -6.0035    -4.2071    -3.9630    -3.7200    -3.2146    -3.2016    -3.1334    -2.8063    -2.7694    -1.9964    -1.5922    -1.0103    -0.6578     1.6570     1.7133     1.9162     1.9970     2.1630     2.2022     2.4586     2.8465     4.7684     5.4252     6.1347     6.8103     7.3429     8.7837     9.0612     9.2315     9.4736     9.7841     9.8534    10.6370    10.7934    10.8547
    0.2398   -14.9664   -14.5089   -13.6517   -13.4182    -6.6102    -5.9120    -4.4090    -4.1155    -3.8540    -3.3820    -3.1157    -3.0481    -2.9903    -2.9466    -1.9606    -1.5750    -1.0766    -0.8109     1.5234     1.6697     1.8342     1.9366     2.1145     2.2085     2.6028     3.0223     4.9052     5.5657     6.4560     7.1194     7.5111     8.6625     9.0655     9.3108     9.6300     9.7932     9.8358    10.5414    10.6511    10.9676
    0.2481   -14.8513   -14.4072   -13.6018   -13.3733    -6.4892    -5.8190    -4.6129    -4.2653    -3.9825    -3.5454    -3.2110    -3.1391    -3.0209    -2.9511    -1.9345    -1.5774    -1.1616    -0.9724     1.4002     1.6380     1.7569     1.8839     2.0786     2.2414     2.7544     3.2072     5.0593     5.7158     6.7645     7.4125     7.7264     8.5649     8.9478     9.3882     9.5971     9.7959     9.8617    10.5506    10.6144    10.9577
    0.2565   -14.7250   -14.2959   -13.5471   -13.3242    -6.3652    -5.7322    -4.8102    -4.4034    -4.1038    -3.7099    -3.4323    -3.3337    -2.9414    -2.8640    -1.9193    -1.5981    -1.2633    -1.1304     1.2909     1.6080     1.6976     1.8421     2.0719     2.2901     2.9069     3.3946     5.2304     5.8769     7.0322     7.6565     7.9768     8.5218     8.8315     9.3443     9.4977     9.6985     9.9138    10.6589    10.7405    10.9106
    0.2649   -14.5891   -14.1764   -13.4885   -13.2716    -6.2461    -5.6631    -4.9894    -4.5196    -4.2190    -3.8864    -3.6566    -3.5142    -2.8802    -2.7911    -1.9161    -1.6363    -1.3753    -1.2694     1.1971     1.5654     1.6703     1.8253     2.0927     2.3507     3.0544     3.5782     5.4184     6.0492     7.2393     7.8090     8.1855     8.5834     8.7775     9.2390     9.3722     9.5808     9.9798    10.7395    10.9003    10.9264
    0.2732   -14.4454   -14.0504   -13.4268   -13.2161    -6.1438    -5.6286    -5.1316    -4.6051    -4.3343    -4.0839    -3.8699    -3.6617    -2.8525    -2.7466    -1.9266    -1.6917    -1.4817    -1.3768     1.1222     1.5214     1.6663     1.8420     2.1338     2.4200     3.1916     3.7521     5.6226     6.2319     7.3645     7.8724     8.2241     8.7314     8.8774     9.1409     9.2452     9.5144    10.0456    10.7329    11.0089    11.1331
    0.2816   -14.2959   -13.9199   -13.3627   -13.1586    -6.0749    -5.6466    -5.2096    -4.6624    -4.4603    -4.2965    -4.0504    -3.7704    -2.8716    -2.7454    -1.9522    -1.7633    -1.5593    -1.4475     1.0720     1.4951     1.6761     1.8876     2.1883     2.4955     3.3142     3.9114     5.8419     6.4241     7.3744     7.9336     8.1324     8.8080     8.9351     9.1685     9.2295     9.5428    10.1123    10.6814    10.8402    10.9893
    0.2900   -14.1431   -13.7870   -13.2975   -13.0999    -6.0561    -5.7089    -5.2138    -4.7439    -4.5726    -4.5082    -4.1730    -3.8457    -2.9430    -2.7963    -1.9949    -1.8465    -1.5958    -1.4809     1.0527     1.4979     1.6945     1.9532     2.2486     2.5746     3.4189     4.0521     6.0748     6.6241     7.2796     7.9425     8.0859     8.7508     8.8708     9.1677     9.4429     9.6710    10.1579    10.4758    10.6532    10.8898
    0.2983   -13.9893   -13.6540   -13.2320   -13.0410    -6.0887    -5.7808    -5.1688    -4.9190    -4.7399    -4.5772    -4.2368    -3.8937    -3.0611    -2.8961    -2.0564    -1.9348    -1.5948    -1.4822     1.0686     1.5360     1.7159     2.0309     2.3078     2.6551     3.5046     4.1726     6.3182     6.8297     7.1281     7.7957     8.1753     8.6700     8.8226     9.1854     9.5658     9.7069    10.1121    10.3769    10.5308    10.9001
    0.3067   -13.8374   -13.5235   -13.1674   -12.9828    -6.1526    -5.8426    -5.1462    -5.0993    -4.9334    -4.5628    -4.2593    -3.9193    -3.2138    -3.0325    -2.1390    -2.0230    -1.5663    -1.4592     1.1190     1.6091     1.7341     2.1122     2.3605     2.7342     3.5728     4.2732     6.5635     6.9502     7.0427     7.6246     8.2149     8.6415     8.8123     9.2271     9.4461     9.5418    10.2253    10.3390    10.5834    11.1524
    0.3151   -13.6902   -13.3980   -13.1048   -12.9264    -6.2220    -5.8897    -5.3456    -5.2039    -4.9659    -4.5413    -4.2554    -3.9270    -3.3891    -3.1919    -2.2408    -2.1102    -1.5183    -1.4170     1.1952     1.7078     1.7481     2.1847     2.4087     2.8082     3.6273     4.3571     6.7144     6.8570     7.2412     7.4634     8.1488     8.6696     8.8504     9.1706     9.3161     9.4094    10.3664    10.3843    10.6786    11.2429
    0.3234   -13.5509   -13.2802   -13.0455   -12.8728    -6.2793    -5.9189    -5.5450    -5.3876    -4.8993    -4.5218    -4.2362    -3.9218    -3.5769    -3.3634    -2.3551    -2.1992    -1.4545    -1.3564     1.2763     1.7520     1.8266     2.2293     2.4688     2.8722     3.6744     4.4295     6.5685     6.9888     7.3028     7.4909     8.0220     8.6978     8.8752     8.9856     9.3585     9.4474    10.4415    10.5376    10.7878    11.5649
    0.3318   -13.4223   -13.1726   -12.9906   -12.8230    -6.3151    -5.9277    -5.7268    -5.5632    -4.8353    -4.5075    -4.2088    -3.9155    -3.7621    -3.5382    -2.4752    -2.2918    -1.3769    -1.2765     1.3256     1.7694     1.9334     2.2376     2.5612     2.9220     3.7211     4.4966     6.4129     6.9318     7.3155     7.6761     7.9623     8.6399     8.7429     9.0913     9.4472     9.6189    10.5329    10.6767    10.9177    11.4915
    0.3402   -13.3075   -13.0774   -12.9413   -12.7781    -6.3240    -5.9314    -5.8683    -5.7201    -4.7882    -4.5006    -4.1819    -3.9977    -3.8556    -3.7006    -2.5953    -2.3880    -1.2864    -1.1773     1.3123     1.7726     2.0354     2.2321     2.6866     2.9560     3.7724     4.5633     6.2812     6.7758     7.2470     7.8292     8.0924     8.4548     8.7912     9.2595     9.6039     9.8376    10.6310    10.7993    11.0299    11.3369
    0.3485   -13.2087   -12.9962   -12.8988   -12.7389    -6.3038    -6.0421    -5.8652    -5.8422    -4.7671    -4.5008    -4.2313    -4.0979    -3.9239    -3.7703    -2.7096    -2.4862    -1.1861    -1.0620     1.2434     1.7101     2.1429     2.2453     2.8254     2.9819     3.8294     4.6314     6.1801     6.6110     7.1141     7.8523     8.2966     8.4528     8.8732     9.4645     9.7956    10.0924    10.7291    10.9095    11.0239    11.3505
    0.3569   -13.1279   -12.9301   -12.8639   -12.7061    -6.2563    -6.1539    -5.9682    -5.7787    -4.7832    -4.5068    -4.3958    -4.1349    -3.9989    -3.7458    -2.8110    -2.5840    -1.0812    -0.9375     1.1437     1.5869     2.1795     2.3434     2.9098     3.0526     3.8887     4.7002     6.1115     6.4614     6.9906     7.7210     8.4520     8.6747     9.0040     9.6958    10.0072    10.3711    10.8053    10.9477    11.0211    11.3842
    0.3653   -13.0660   -12.8794   -12.8374   -12.6804    -6.2526    -6.1732    -6.0535    -5.6803    -4.8464    -4.5702    -4.4981    -4.2531    -3.9628    -3.7128    -2.8906    -2.6779    -0.9806    -0.8143     1.0356     1.4395     2.1672     2.4767     2.9130     3.1796     3.9433     4.7657     6.0729     6.3448     6.9001     7.5410     8.6101     8.8555     9.2397     9.9324    10.2228    10.6491    10.8099    10.9735    11.0722    11.3110
    0.3736   -13.0234   -12.8435   -12.8198   -12.6621    -6.3133    -6.1200    -6.0806    -5.5637    -4.9503    -4.6988    -4.5132    -4.3563    -3.9052    -3.6920    -2.9379    -2.7638    -0.8962    -0.7072     0.9397     1.3023     2.1463     2.5894     2.8952     3.2923     3.9865     4.8220     6.0582     6.2708     6.8565     7.3560     8.7504     8.9457     9.5628    10.1303    10.4066    10.7338    10.9618    11.0097    11.0601    11.2462
    0.3820   -12.9992   -12.8219   -12.8107   -12.6512    -6.3505    -6.1521    -6.0020    -5.4494    -5.0578    -4.7995    -4.5340    -4.4144    -3.8544    -3.6897    -2.9461    -2.8360    -0.8401    -0.6335     0.8740     1.2052     2.1283     2.6640     2.8749     3.3659     4.0143     4.8619     6.0643     6.2278     6.8794     7.1794     8.8465     8.9864     9.8993    10.2149    10.4563    10.7625    10.9393    11.0990    11.2013    11.3768
    0.3904   -12.9917   -12.8161   -12.8067   -12.6475    -6.3628    -6.1632    -5.9655    -5.3916    -5.1096    -4.8427    -4.5493    -4.4298    -3.8316    -3.6953    -2.9191    -2.8876    -0.8208    -0.6076     0.8509     1.1702     2.1208     2.6914     2.8636     3.3909     4.0250     4.8779     6.0679     6.2147     6.9664     7.0395     8.8670     9.0093    10.1123    10.1974    10.3917    10.8106    10.9153    11.1459    11.2305    11.3337
    0.3904   -12.9917   -12.8161   -12.8067   -12.6475    -6.3628    -6.1632    -5.9655    -5.3916    -5.1096    -4.8427    -4.5493    -4.4298    -3.8316    -3.6953    -2.9191    -2.8876    -0.8208    -0.6076     0.8509     1.1702     2.1208     2.6914     2.8636     3.3909     4.0250     4.8779     6.0679     6.2147     6.9664     7.0395     8.8670     9.0093    10.1123    10.1974    10.3917    10.8104    10.9116    11.1456    11.2261    11.3284
    0.3946   -12.9934   -12.8175   -12.8075   -12.6484    -6.3599    -6.1606    -5.9757    -5.4081    -5.0950    -4.8332    -4.5446    -4.4242    -3.8371    -3.6938    -2.9299    -2.8710    -0.8254    -0.6138     0.8565     1.1789     2.1231     2.6850     2.8665     3.3849     4.0223     4.8737     6.0600     6.2224     6.9243     7.0964     8.8615     9.0046    10.0711    10.1679    10.4322    10.7913    10.9163    11.1161    11.2308    11.3582
    0.3987   -12.9985   -12.8222   -12.8094   -12.6509    -6.3513    -6.1528    -6.0051    -5.4509    -5.0578    -4.8122    -4.5284    -4.4039    -3.8510    -3.6920    -2.9397    -2.8443    -0.8384    -0.6314     0.8727     1.2038     2.1302     2.6676     2.8746     3.3677     4.0141     4.8612     6.0282     6.2482     6.8763     7.1920     8.8384     8.9991     9.9972    10.0870    10.4811    10.7409    10.9297    11.0321    11.2343    11.3114
    0.4029   -13.0064   -12.8294   -12.8126   -12.6547    -6.3376    -6.1407    -6.0497    -5.5090    -5.0120    -4.7872    -4.5013    -4.3620    -3.8693    -3.6921    -2.9436    -2.8137    -0.8585    -0.6582     0.8981     1.2432     2.1428     2.6414     2.8874     3.3410     4.0000     4.8402     5.9797     6.2768     6.8496     7.3052     8.8016     8.9919     9.9135     9.9902    10.4374    10.6893    10.9336    11.0008    11.2748    11.3443
    0.4071   -13.0170   -12.8385   -12.8173   -12.6599    -6.3192    -6.1298    -6.0999    -5.5752    -4.9724    -4.7592    -4.4640    -4.2952    -3.8882    -3.6957    -2.9414    -2.7814    -0.8839    -0.6920     0.9312     1.2941     2.1612     2.6079     2.9051     3.3062     3.9797     4.8102     5.9206     6.2916     6.8556     7.4316     8.7561     8.9813     9.8255     9.8888    10.3056    10.5923    10.8616    11.0375    11.1785    11.2653
    0.4113   -13.0298   -12.8494   -12.8233   -12.6663    -6.2973    -6.1741    -6.0974    -5.6452    -4.9491    -4.7291    -4.4112    -4.2099    -3.9028    -3.7027    -2.9337    -2.7488    -0.9132    -0.7302     0.9701     1.3542     2.1858     2.5686     2.9279     3.2653     3.9530     4.7715     5.8539     6.2838     6.8998     7.5684     8.7058     8.9660     9.7358     9.7862    10.1357    10.4436    10.8005    11.0705    11.1391    11.1881
    0.4155   -13.0445   -12.8616   -12.8306   -12.6737    -6.2787    -6.2330    -6.0739    -5.7167    -4.9421    -4.7032    -4.3360    -4.1225    -3.9023    -3.7124    -2.9216    -2.7169    -0.9447    -0.7709     1.0131     1.4207     2.2167     2.5249     2.9561     3.2198     3.9200     4.7242     5.7816     6.2552     6.9777     7.7131     8.6541     8.9456     9.6453     9.6841     9.9475    10.2684    10.7184    11.0041    11.0634    11.1022
    0.4197   -13.0607   -12.8750   -12.8388   -12.6820    -6.3207    -6.2310    -6.0465    -5.7881    -4.9461    -4.6865    -4.2388    -4.0640    -3.8612    -3.7219    -2.9064    -2.6867    -0.9773    -0.8124     1.0588     1.4914     2.2536     2.4784     2.9902     3.1715     3.8810     4.6688     5.7047     6.2123     7.0801     7.8628     8.6033     8.9198     9.5536     9.5824     9.7514    10.0812    10.6148    10.8441    11.0120    11.0766
    0.4239   -13.0780   -12.8893   -12.8479   -12.6910    -6.3895    -6.2002    -6.0168    -5.8580    -4.9562    -4.6784    -4.1269    -4.0484    -3.7800    -3.7163    -2.8894    -2.6588    -1.0099    -0.8533     1.1055     1.5641     2.2941     2.4324     3.0300     3.1219     3.8365     4.6063     5.6243     6.1612     7.1982     8.0139     8.5554     8.8886     9.4512     9.4800     9.5634     9.8904    10.4950    10.6763    10.9491    11.0568
    0.4280   -13.0963   -12.9042   -12.8576   -12.7005    -6.4595    -6.1660    -5.9870    -5.9240    -4.9694    -4.6765    -4.0559    -4.0079    -3.7498    -3.6231    -2.8716    -2.6338    -1.0417    -0.8929     1.1520     1.6372     2.3229     2.4028     3.0643     3.0835     3.7872     4.5374     5.5413     6.1056     7.3251     8.1606     8.5121     8.8539     9.2909     9.3841     9.4264     9.7022    10.3677    10.5041    10.8885    11.0347
    0.4322   -13.1150   -12.9196   -12.8677   -12.7104    -6.5283    -6.1312    -5.9974    -5.9447    -4.9840    -4.6786    -4.0637    -3.9163    -3.7168    -3.4897    -2.8537    -2.6122    -1.0723    -0.9307     1.1972     1.7091     2.2994     2.4313     3.0204     3.1301     3.7343     4.4637     5.4566     6.0477     7.4551     8.2908     8.4756     8.8216     9.0891     9.2910     9.3289     9.5257    10.2392    10.3340    10.8211    11.0136
    0.4364   -13.1340   -12.9351   -12.8782   -12.7205    -6.5949    -6.1052    -6.0468    -5.9135    -4.9991    -4.6833    -4.0723    -3.8806    -3.6237    -3.3480    -2.8365    -2.5941    -1.1016    -0.9666     1.2401     1.7784     2.2522     2.4894     2.9733     3.1872     3.6790     4.3862     5.3708     5.9887     7.5815     8.3772     8.4506     8.8038     8.8808     9.1928     9.2435     9.3763    10.1128    10.1725    10.7531    10.9958
    0.4406   -13.1529   -12.9506   -12.8887   -12.7307    -6.6588    -6.1333    -6.0414    -5.8796    -5.0138    -4.6895    -4.0789    -3.8806    -3.4911    -3.2031    -2.8202    -2.5798    -1.1293    -1.0005     1.2798     1.8439     2.2021     2.5563     2.9294     3.2488     3.6231     4.3064     5.2847     5.9296     7.6971     8.3892     8.4395     8.6682     8.8086     9.0992     9.1654     9.2769     9.9855    10.0320    10.6905    10.9568
    0.4448   -13.1715   -12.9658   -12.8991   -12.7408    -6.7193    -6.1865    -6.0089    -5.8455    -5.0278    -4.6966    -4.0826    -3.8914    -3.3450    -3.0581    -2.8044    -2.5692    -1.1558    -1.0329     1.3154     1.9046     2.1532     2.6269     2.8910     3.3117     3.5702     4.2257     5.1989     5.8709     7.7908     8.3466     8.4150     8.4784     8.7600     9.0493     9.0952     9.2535     9.8550     9.9217    10.6224    10.8716
    0.4490   -13.1895   -12.9805   -12.9093   -12.7506    -6.7762    -6.2392    -5.9749    -5.8119    -5.0407    -4.7040    -4.0831    -3.9050    -3.1946    -2.9174    -2.7866    -2.5621    -1.1815    -1.0640     1.3463     1.9590     2.1077     2.6944     2.8642     3.3655     3.5313     4.1457     5.1143     5.8134     7.8505     8.2469     8.2658     8.4537     8.6486     9.0107     9.0389     9.3247     9.7351     9.8352    10.5647    10.8109
    0.4531   -13.2068   -12.9946   -12.9191   -12.7600    -6.8290    -6.2887    -5.9428    -5.7793    -5.0524    -4.7115    -4.0803    -3.9188    -3.0442    -2.8114    -2.7376    -2.5577    -1.2070    -1.0945     1.3719     2.0042     2.0693     2.7377     2.8690     3.3785     3.5385     4.0677     5.0315     5.7575     7.8669     8.0517     8.1672     8.4600     8.5385     8.9693     8.9957     9.4388     9.6365     9.7758    10.5112    10.7536
    0.4573   -13.2230   -13.0079   -12.9284   -12.7690    -6.8776    -6.3344    -5.9134    -5.7481    -5.0628    -4.7186    -4.0748    -3.9315    -2.8996    -2.7795    -2.6208    -2.5505    -1.2331    -1.1250     1.3915     2.0142     2.0642     2.7385     2.9216     3.3466     3.5957     3.9933     4.9513     5.7040     7.8330     7.8652     8.0715     8.3755     8.5200     8.9355     8.9729     9.5143     9.5738     9.7772    10.4619    10.6972
    0.4615   -13.2380   -13.0202   -12.9370   -12.7773    -6.9216    -6.3759    -5.8873    -5.7186    -5.0718    -4.7252    -4.0670    -3.9424    -2.8017    -2.7211    -2.5694    -2.4695    -1.2607    -1.1560     1.4051     1.9886     2.0936     2.7226     2.9943     3.3038     3.6692     3.9244     4.8749     5.6532     7.6776     7.7664     7.9883     8.2701     8.5151     8.9007     8.9815     9.5024     9.5508     9.8773    10.4172    10.6524
    0.4657   -13.2517   -13.0314   -12.9449   -12.7850    -6.9609    -6.4130    -5.8649    -5.6913    -5.0795    -4.7312    -4.0581    -3.9508    -2.7824    -2.6036    -2.5580    -2.3427    -1.2908    -1.1882     1.4128     1.9643     2.1208     2.7053     3.0657     3.2664     3.7415     3.8665     4.8031     5.6059     7.5075     7.6680     7.9118     8.1808     8.4937     8.8677     8.9998     9.5042     9.5208    10.0222    10.3770    10.5944
    0.4699   -13.2639   -13.0413   -12.9519   -12.7917    -6.9953    -6.4454    -5.8461    -5.6666    -5.0859    -4.7364    -4.0491    -3.9563    -2.7760    -2.5834    -2.4489    -2.2190    -1.3241    -1.2221     1.4153     1.9452     2.1424     2.6905     3.1155     3.2524     3.7695     3.8594     4.7373     5.5626     7.3504     7.5638     7.8344     8.1110     8.4642     8.8387     9.0070     9.4836     9.5540    10.1741    10.3412    10.5480
    0.4741   -13.2744   -13.0499   -12.9580   -12.7976    -7.0246    -6.4731    -5.8308    -5.6450    -5.0911    -4.7408    -4.0415    -3.9582    -2.7726    -2.5889    -2.3215    -2.1026    -1.3616    -1.2580     1.4138     1.9314     2.1585     2.6788     3.1197     3.2839     3.7327     3.9206     4.6786     5.5241     7.2093     7.4648     7.7576     8.0575     8.4342     8.8139     9.0002     9.4542     9.6323    10.3047    10.3190    10.5116
    0.4782   -13.2831   -13.0571   -12.9632   -12.8026    -7.0488    -6.4959    -5.8188    -5.6269    -5.0952    -4.7443    -4.0361    -3.9569    -2.7708    -2.5959    -2.2017    -1.9956    -1.4033    -1.2961     1.4097     1.9220     2.1697     2.6700     3.0997     3.3374     3.6924     3.9867     4.6282     5.4908     7.0873     7.3771     7.6870     8.0163     8.4079     8.7935     8.9860     9.4298     9.7281    10.2789    10.3928    10.5331
    0.4824   -13.2900   -13.0628   -12.9672   -12.8064    -7.0677    -6.5137    -5.8098    -5.6124    -5.0983    -4.7470    -4.0331    -3.9534    -2.7698    -2.6026    -2.0936    -1.9004    -1.4485    -1.3357     1.4047     1.9160     2.1771     2.6639     3.0778     3.3889     3.6589     4.0445     4.5875     5.4638     6.9875     7.3051     7.6278     7.9851     8.3870     8.7776     8.9710     9.4108     9.8290    10.2491    10.3750    10.6322
    0.4866   -13.2950   -13.0669   -12.9701   -12.8092    -7.0812    -6.5265    -5.8036    -5.6019    -5.1004    -4.7489    -4.0316    -3.9492    -2.7694    -2.6080    -2.0020    -1.8210    -1.4939    -1.3742     1.3999     1.9126     2.1816     2.6599     3.0604     3.4295     3.6342     4.0893     4.5575     5.4436     6.9133     7.2516     7.5833     7.9629     8.3722     8.7662     8.9587     9.3973     9.9271    10.2131    10.3435    10.7378
    0.4908   -13.2980   -13.0693   -12.9719   -12.8110    -7.0894    -6.5342    -5.8000    -5.5956    -5.1016    -4.7501    -4.0311    -3.9460    -2.7693    -2.6115    -1.9359    -1.7646    -1.5318    -1.4056     1.3966     1.9108     2.1839     2.6576     3.0494     3.4554     3.6189     4.1177     4.5390     5.4311     6.8673     7.2185     7.5558     7.9494     8.3632     8.7593     8.9508     9.3892    10.0171    10.1641    10.3214    10.8077
    0.4950   -13.2990   -13.0702   -12.9724   -12.8115    -7.0921    -6.5368    -5.7988    -5.5935    -5.1020    -4.7504    -4.0310    -3.9448    -2.7693    -2.6127    -1.9105    -1.7432    -1.5477    -1.4185     1.3954     1.9102     2.1846     2.6568     3.0457     3.4644     3.6137     4.1274     4.5328     5.4268     6.8519     7.2074     7.5465     7.9450     8.3603     8.7570     8.9481     9.3865    10.0854    10.1100    10.3139    10.8303
