  1.0000   0.9038
  2.0000   0.9040
  3.0000   0.9041
  4.0000   0.9042
  5.0000   0.9043
  6.0000   0.9044
  7.0000   0.9044
  8.0000   0.9045
  9.0000   0.9045
 10.0000   0.9045
 11.0000   0.9046
 12.0000   0.9046
 13.0000   0.9047
 14.0000   0.9047
 15.0000   0.9047
 16.0000   0.9047
 17.0000   0.9047
 18.0000   0.9047
 19.0000   0.9046
 20.0000   0.9045
 21.0000   0.9045
 22.0000   0.9044
 23.0000   0.9042
 24.0000   0.9041
 25.0000   0.9040
 26.0000   0.9039
 27.0000   0.9037
 28.0000   0.9036
 29.0000   0.9035
 30.0000   0.9034
 31.0000   0.9033
 32.0000   0.9032
 33.0000   0.9032
 34.0000   0.9031
 35.0000   0.9030
 36.0000   0.9030
 37.0000   0.9030
 38.0000   0.9029
 39.0000   0.9028
 40.0000   0.9027
 41.0000   0.9026
 42.0000   0.9024
 43.0000   0.9023
 44.0000   0.9021
 45.0000   0.9020
 46.0000   0.9019
 47.0000   0.9018
 48.0000   0.9018
 49.0000   0.9018
 50.0000   0.9017
 51.0000   0.9017
 52.0000   0.9016
 53.0000   0.9015
 54.0000   0.9015
 55.0000   0.9015
 56.0000   0.9015
 57.0000   0.9015
 58.0000   0.9016
 59.0000   0.9016
 60.0000   0.9016
 61.0000   0.9015
 62.0000   0.9015
 63.0000   0.9015
 64.0000   0.9015
 65.0000   0.9014
 66.0000   0.9013
 67.0000   0.9012
 68.0000   0.9011
 69.0000   0.9011
 70.0000   0.9010
 71.0000   0.9009
 72.0000   0.9008
 73.0000   0.9007
 74.0000   0.9005
 75.0000   0.9004
 76.0000   0.9002
 77.0000   0.9001
 78.0000   0.8999
 79.0000   0.8998
 80.0000   0.8996
 81.0000   0.8995
 82.0000   0.8994
 83.0000   0.8993
 84.0000   0.8992
 85.0000   0.8990
 86.0000   0.8989
 87.0000   0.8987
 88.0000   0.8984
 89.0000   0.8982
 90.0000   0.8979
 91.0000   0.8976
 92.0000   0.8973
 93.0000   0.8969
 94.0000   0.8966
 95.0000   0.8963
 96.0000   0.8959
 97.0000   0.8956
 98.0000   0.8953
 99.0000   0.8949
100.0000   0.8945
101.0000   0.8942
102.0000   0.8938
103.0000   0.8935
104.0000   0.8932
105.0000   0.8928
106.0000   0.8925
107.0000   0.8922
108.0000   0.8918
109.0000   0.8914
110.0000   0.8911
111.0000   0.8907
112.0000   0.8903
113.0000   0.8899
114.0000   0.8896
115.0000   0.8892
116.0000   0.8889
117.0000   0.8885
118.0000   0.8880
119.0000   0.8877
120.0000   0.8873
121.0000   0.8870
122.0000   0.8867
123.0000   0.8864
124.0000   0.8862
125.0000   0.8859
126.0000   0.8857
127.0000   0.8855
128.0000   0.8853
129.0000   0.8852
130.0000   0.8850
131.0000   0.8848
132.0000   0.8846
133.0000   0.8844
134.0000   0.8842
135.0000   0.8840
136.0000   0.8838
137.0000   0.8836
138.0000   0.8834
139.0000   0.8832
140.0000   0.8830
141.0000   0.8828
142.0000   0.8826
143.0000   0.8824
144.0000   0.8823
145.0000   0.8821
146.0000   0.8819
147.0000   0.8818
148.0000   0.8816
149.0000   0.8815
150.0000   0.8814
151.0000   0.8812
152.0000   0.8812
153.0000   0.8811
154.0000   0.8811
155.0000   0.8810
156.0000   0.8809
157.0000   0.8808
158.0000   0.8807
159.0000   0.8806
160.0000   0.8805
161.0000   0.8803
162.0000   0.8800
163.0000   0.8799
164.0000   0.8797
165.0000   0.8796
166.0000   0.8794
167.0000   0.8793
168.0000   0.8791
169.0000   0.8789
170.0000   0.8788
171.0000   0.8785
172.0000   0.8783
173.0000   0.8780
174.0000   0.8778
175.0000   0.8775
176.0000   0.8771
177.0000   0.8768
178.0000   0.8765
179.0000   0.8762
180.0000   0.8759
181.0000   0.8755
182.0000   0.8752
183.0000   0.8748
184.0000   0.8744
185.0000   0.8740
186.0000   0.8736
187.0000   0.8732
188.0000   0.8727
189.0000   0.8722
190.0000   0.8717
191.0000   0.8713
192.0000   0.8708
193.0000   0.8703
194.0000   0.8698
195.0000   0.8693
196.0000   0.8689
197.0000   0.8684
198.0000   0.8679
199.0000   0.8675
200.0000   0.8670
201.0000   0.8665
202.0000   0.8660
203.0000   0.8656
204.0000   0.8651
205.0000   0.8646
206.0000   0.8642
207.0000   0.8638
208.0000   0.8634
209.0000   0.8630
210.0000   0.8626
211.0000   0.8623
212.0000   0.8619
213.0000   0.8615
214.0000   0.8612
215.0000   0.8609
216.0000   0.8606
217.0000   0.8603
218.0000   0.8601
219.0000   0.8598
220.0000   0.8595
221.0000   0.8592
222.0000   0.8590
223.0000   0.8586
224.0000   0.8583
225.0000   0.8581
226.0000   0.8578
227.0000   0.8575
228.0000   0.8572
229.0000   0.8569
230.0000   0.8566
231.0000   0.8562
232.0000   0.8559
233.0000   0.8556
234.0000   0.8553
235.0000   0.8550
236.0000   0.8546
237.0000   0.8543
238.0000   0.8539
239.0000   0.8535
240.0000   0.8531
241.0000   0.8528
242.0000   0.8524
243.0000   0.8520
244.0000   0.8516
245.0000   0.8512
246.0000   0.8508
247.0000   0.8504
248.0000   0.8500
249.0000   0.8497
250.0000   0.8493
251.0000   0.8490
252.0000   0.8485
253.0000   0.8482
254.0000   0.8478
255.0000   0.8473
256.0000   0.8470
257.0000   0.8466
258.0000   0.8461
259.0000   0.8457
260.0000   0.8453
261.0000   0.8448
262.0000   0.8444
263.0000   0.8439
264.0000   0.8434
265.0000   0.8428
266.0000   0.8423
267.0000   0.8418
268.0000   0.8413
269.0000   0.8407
270.0000   0.8402
271.0000   0.8396
272.0000   0.8390
273.0000   0.8384
274.0000   0.8378
275.0000   0.8373
276.0000   0.8367
277.0000   0.8361
278.0000   0.8355
279.0000   0.8350
280.0000   0.8344
281.0000   0.8338
282.0000   0.8333
283.0000   0.8329
284.0000   0.8324
285.0000   0.8319
286.0000   0.8315
287.0000   0.8310
288.0000   0.8306
289.0000   0.8302
290.0000   0.8298
291.0000   0.8294
292.0000   0.8290
293.0000   0.8287
294.0000   0.8283
295.0000   0.8279
296.0000   0.8275
297.0000   0.8271
298.0000   0.8268
299.0000   0.8264
300.0000   0.8259
301.0000   0.8255
302.0000   0.8250
303.0000   0.8246
304.0000   0.8242
305.0000   0.8237
306.0000   0.8232
307.0000   0.8227
308.0000   0.8223
309.0000   0.8218
310.0000   0.8213
311.0000   0.8209
312.0000   0.8205
313.0000   0.8202
314.0000   0.8198
315.0000   0.8195
316.0000   0.8192
317.0000   0.8189
318.0000   0.8186
319.0000   0.8183
320.0000   0.8180
321.0000   0.8177
322.0000   0.8174
323.0000   0.8171
324.0000   0.8168
325.0000   0.8164
326.0000   0.8160
327.0000   0.8157
328.0000   0.8153
329.0000   0.8149
330.0000   0.8146
331.0000   0.8142
332.0000   0.8139
333.0000   0.8136
334.0000   0.8132
335.0000   0.8129
336.0000   0.8125
337.0000   0.8122
338.0000   0.8119
339.0000   0.8115
340.0000   0.8111
341.0000   0.8107
342.0000   0.8104
343.0000   0.8099
344.0000   0.8094
345.0000   0.8089
346.0000   0.8084
347.0000   0.8079
348.0000   0.8073
349.0000   0.8067
350.0000   0.8061
351.0000   0.8055
352.0000   0.8049
353.0000   0.8043
354.0000   0.8036
355.0000   0.8030
356.0000   0.8023
357.0000   0.8016
358.0000   0.8010
359.0000   0.8004
360.0000   0.7998
361.0000   0.7992
362.0000   0.7986
363.0000   0.7981
364.0000   0.7975
365.0000   0.7970
366.0000   0.7964
367.0000   0.7959
368.0000   0.7954
369.0000   0.7949
370.0000   0.7944
371.0000   0.7939
372.0000   0.7934
373.0000   0.7929
374.0000   0.7923
375.0000   0.7918
376.0000   0.7913
377.0000   0.7909
378.0000   0.7904
379.0000   0.7899
380.0000   0.7894
381.0000   0.7890
382.0000   0.7886
383.0000   0.7883
384.0000   0.7879
385.0000   0.7875
386.0000   0.7870
387.0000   0.7866
388.0000   0.7861
389.0000   0.7858
390.0000   0.7854
391.0000   0.7850
392.0000   0.7847
393.0000   0.7843
394.0000   0.7839
395.0000   0.7836
396.0000   0.7832
397.0000   0.7828
398.0000   0.7824
399.0000   0.7821
400.0000   0.7817
401.0000   0.7812
402.0000   0.7808
403.0000   0.7805
404.0000   0.7800
405.0000   0.7796
406.0000   0.7791
407.0000   0.7787
408.0000   0.7783
409.0000   0.7778
410.0000   0.7774
411.0000   0.7770
412.0000   0.7766
413.0000   0.7761
414.0000   0.7756
415.0000   0.7752
416.0000   0.7748
417.0000   0.7743
418.0000   0.7739
419.0000   0.7734
420.0000   0.7730
421.0000   0.7725
422.0000   0.7720
423.0000   0.7716
424.0000   0.7712
425.0000   0.7708
426.0000   0.7704
427.0000   0.7699
428.0000   0.7695
429.0000   0.7690
430.0000   0.7685
431.0000   0.7680
432.0000   0.7676
433.0000   0.7671
434.0000   0.7666
435.0000   0.7661
436.0000   0.7656
437.0000   0.7651
438.0000   0.7646
439.0000   0.7640
440.0000   0.7635
441.0000   0.7630
442.0000   0.7625
443.0000   0.7620
444.0000   0.7616
445.0000   0.7611
446.0000   0.7606
447.0000   0.7601
448.0000   0.7597
449.0000   0.7592
450.0000   0.7588
451.0000   0.7584
452.0000   0.7580
453.0000   0.7576
454.0000   0.7573
455.0000   0.7569
456.0000   0.7567
457.0000   0.7563
458.0000   0.7560
459.0000   0.7557
460.0000   0.7554
461.0000   0.7551
462.0000   0.7548
463.0000   0.7545
464.0000   0.7541
465.0000   0.7538
466.0000   0.7535
467.0000   0.7532
468.0000   0.7529
469.0000   0.7525
470.0000   0.7522
471.0000   0.7519
472.0000   0.7515
473.0000   0.7511
474.0000   0.7507
475.0000   0.7504
476.0000   0.7500
477.0000   0.7495
478.0000   0.7491
479.0000   0.7486
480.0000   0.7481
481.0000   0.7476
482.0000   0.7472
483.0000   0.7468
484.0000   0.7464
485.0000   0.7460
486.0000   0.7455
487.0000   0.7451
488.0000   0.7447
489.0000   0.7443
490.0000   0.7438
491.0000   0.7434
492.0000   0.7430
493.0000   0.7426
494.0000   0.7422
495.0000   0.7418
496.0000   0.7414
497.0000   0.7410
498.0000   0.7406
499.0000   0.7402
500.0000   0.7398
501.0000   0.7395
502.0000   0.7391
503.0000   0.7387
504.0000   0.7384
505.0000   0.7381
506.0000   0.7377
507.0000   0.7373
508.0000   0.7370
509.0000   0.7366
510.0000   0.7361
511.0000   0.7357
512.0000   0.7353
513.0000   0.7349
514.0000   0.7345
515.0000   0.7341
516.0000   0.7337
517.0000   0.7333
518.0000   0.7328
519.0000   0.7324
520.0000   0.7319
521.0000   0.7314
522.0000   0.7309
523.0000   0.7304
524.0000   0.7300
525.0000   0.7295
526.0000   0.7290
527.0000   0.7285
528.0000   0.7280
529.0000   0.7275
530.0000   0.7270
531.0000   0.7265
532.0000   0.7261
533.0000   0.7256
534.0000   0.7252
535.0000   0.7248
536.0000   0.7244
537.0000   0.7241
538.0000   0.7238
539.0000   0.7234
540.0000   0.7231
541.0000   0.7228
542.0000   0.7225
543.0000   0.7221
544.0000   0.7218
545.0000   0.7215
546.0000   0.7212
547.0000   0.7209
548.0000   0.7206
549.0000   0.7203
550.0000   0.7200
551.0000   0.7198
552.0000   0.7194
553.0000   0.7191
554.0000   0.7188
555.0000   0.7184
556.0000   0.7181
557.0000   0.7177
558.0000   0.7173
559.0000   0.7170
560.0000   0.7167
561.0000   0.7164
562.0000   0.7161
563.0000   0.7158
564.0000   0.7155
565.0000   0.7153
566.0000   0.7150
567.0000   0.7148
568.0000   0.7146
569.0000   0.7143
570.0000   0.7141
571.0000   0.7138
572.0000   0.7136
573.0000   0.7133
574.0000   0.7131
575.0000   0.7128
576.0000   0.7125
577.0000   0.7123
578.0000   0.7121
579.0000   0.7119
580.0000   0.7117
581.0000   0.7115
582.0000   0.7113
583.0000   0.7111
584.0000   0.7108
585.0000   0.7106
586.0000   0.7103
587.0000   0.7101
588.0000   0.7099
589.0000   0.7096
590.0000   0.7093
591.0000   0.7089
592.0000   0.7085
593.0000   0.7081
594.0000   0.7077
595.0000   0.7072
596.0000   0.7068
597.0000   0.7064
598.0000   0.7059
599.0000   0.7054
600.0000   0.7049
601.0000   0.7043
602.0000   0.7038
603.0000   0.7032
604.0000   0.7026
605.0000   0.7021
606.0000   0.7016
607.0000   0.7011
608.0000   0.7006
609.0000   0.7001
610.0000   0.6996
611.0000   0.6991
612.0000   0.6986
613.0000   0.6982
614.0000   0.6977
615.0000   0.6973
616.0000   0.6968
617.0000   0.6964
618.0000   0.6960
619.0000   0.6955
620.0000   0.6951
621.0000   0.6947
622.0000   0.6943
623.0000   0.6938
624.0000   0.6934
625.0000   0.6930
626.0000   0.6927
627.0000   0.6923
628.0000   0.6919
629.0000   0.6916
630.0000   0.6912
631.0000   0.6908
632.0000   0.6905
633.0000   0.6901
634.0000   0.6897
635.0000   0.6894
636.0000   0.6890
637.0000   0.6887
638.0000   0.6883
639.0000   0.6880
640.0000   0.6876
641.0000   0.6873
642.0000   0.6870
643.0000   0.6866
644.0000   0.6863
645.0000   0.6860
646.0000   0.6856
647.0000   0.6853
648.0000   0.6850
649.0000   0.6846
650.0000   0.6843
651.0000   0.6840
652.0000   0.6837
653.0000   0.6834
654.0000   0.6831
655.0000   0.6828
656.0000   0.6826
657.0000   0.6823
658.0000   0.6821
659.0000   0.6818
660.0000   0.6816
661.0000   0.6813
662.0000   0.6810
663.0000   0.6807
664.0000   0.6805
665.0000   0.6802
666.0000   0.6799
667.0000   0.6796
668.0000   0.6793
669.0000   0.6790
670.0000   0.6787
671.0000   0.6784
672.0000   0.6781
673.0000   0.6778
674.0000   0.6774
675.0000   0.6771
676.0000   0.6767
677.0000   0.6764
678.0000   0.6761
679.0000   0.6758
680.0000   0.6754
681.0000   0.6751
682.0000   0.6749
683.0000   0.6746
684.0000   0.6742
685.0000   0.6739
686.0000   0.6736
687.0000   0.6733
688.0000   0.6731
689.0000   0.6728
690.0000   0.6725
691.0000   0.6722
692.0000   0.6719
693.0000   0.6716
694.0000   0.6714
695.0000   0.6712
696.0000   0.6709
697.0000   0.6707
698.0000   0.6705
699.0000   0.6703
700.0000   0.6701
701.0000   0.6699
702.0000   0.6697
703.0000   0.6695
704.0000   0.6693
705.0000   0.6692
706.0000   0.6691
707.0000   0.6689
708.0000   0.6688
709.0000   0.6687
710.0000   0.6685
711.0000   0.6684
712.0000   0.6683
713.0000   0.6682
714.0000   0.6679
715.0000   0.6678
716.0000   0.6676
717.0000   0.6674
718.0000   0.6671
719.0000   0.6668
720.0000   0.6665
721.0000   0.6662
722.0000   0.6659
723.0000   0.6656
724.0000   0.6652
725.0000   0.6649
726.0000   0.6646
727.0000   0.6643
728.0000   0.6639
729.0000   0.6635
730.0000   0.6631
731.0000   0.6627
732.0000   0.6624
733.0000   0.6620
734.0000   0.6617
735.0000   0.6614
736.0000   0.6611
737.0000   0.6608
738.0000   0.6605
739.0000   0.6603
740.0000   0.6600
741.0000   0.6598
742.0000   0.6595
743.0000   0.6593
744.0000   0.6591
745.0000   0.6589
746.0000   0.6588
747.0000   0.6586
748.0000   0.6584
749.0000   0.6582
750.0000   0.6581
751.0000   0.6579
752.0000   0.6578
753.0000   0.6576
754.0000   0.6575
755.0000   0.6573
756.0000   0.6572
757.0000   0.6571
758.0000   0.6569
759.0000   0.6568
760.0000   0.6566
761.0000   0.6564
762.0000   0.6562
763.0000   0.6560
764.0000   0.6558
765.0000   0.6555
766.0000   0.6553
767.0000   0.6550
768.0000   0.6547
769.0000   0.6544
770.0000   0.6541
771.0000   0.6537
772.0000   0.6534
773.0000   0.6530
774.0000   0.6526
775.0000   0.6522
776.0000   0.6518
777.0000   0.6514
778.0000   0.6510
779.0000   0.6506
780.0000   0.6502
781.0000   0.6498
782.0000   0.6494
783.0000   0.6490
784.0000   0.6487
785.0000   0.6484
786.0000   0.6481
787.0000   0.6478
788.0000   0.6475
789.0000   0.6473
790.0000   0.6470
791.0000   0.6467
792.0000   0.6464
793.0000   0.6461
794.0000   0.6459
795.0000   0.6457
796.0000   0.6454
797.0000   0.6452
798.0000   0.6450
799.0000   0.6448
800.0000   0.6445
801.0000   0.6443
802.0000   0.6441
803.0000   0.6439
804.0000   0.6436
805.0000   0.6434
806.0000   0.6431
807.0000   0.6429
808.0000   0.6426
809.0000   0.6424
810.0000   0.6421
811.0000   0.6419
812.0000   0.6416
813.0000   0.6414
814.0000   0.6412
815.0000   0.6410
816.0000   0.6409
817.0000   0.6407
818.0000   0.6405
819.0000   0.6404
820.0000   0.6403
821.0000   0.6402
822.0000   0.6401
823.0000   0.6400
824.0000   0.6400
825.0000   0.6400
826.0000   0.6400
827.0000   0.6400
828.0000   0.6400
829.0000   0.6401
830.0000   0.6402
831.0000   0.6402
832.0000   0.6403
833.0000   0.6403
834.0000   0.6404
835.0000   0.6405
836.0000   0.6405
837.0000   0.6406
838.0000   0.6407
839.0000   0.6407
840.0000   0.6407
841.0000   0.6408
842.0000   0.6407
843.0000   0.6406
844.0000   0.6406
845.0000   0.6405
846.0000   0.6403
847.0000   0.6402
848.0000   0.6400
849.0000   0.6398
850.0000   0.6395
851.0000   0.6393
852.0000   0.6390
853.0000   0.6388
854.0000   0.6385
855.0000   0.6382
856.0000   0.6379
857.0000   0.6376
858.0000   0.6372
859.0000   0.6369
860.0000   0.6365
861.0000   0.6361
862.0000   0.6357
863.0000   0.6354
864.0000   0.6351
865.0000   0.6348
866.0000   0.6345
867.0000   0.6342
868.0000   0.6339
869.0000   0.6336
870.0000   0.6334
871.0000   0.6331
872.0000   0.6329
873.0000   0.6327
874.0000   0.6325
875.0000   0.6323
876.0000   0.6320
877.0000   0.6318
878.0000   0.6316
879.0000   0.6314
880.0000   0.6312
881.0000   0.6310
882.0000   0.6308
883.0000   0.6306
884.0000   0.6304
885.0000   0.6302
886.0000   0.6301
887.0000   0.6298
888.0000   0.6297
889.0000   0.6294
890.0000   0.6292
891.0000   0.6290
892.0000   0.6288
893.0000   0.6285
894.0000   0.6284
895.0000   0.6281
896.0000   0.6279
897.0000   0.6276
898.0000   0.6274
899.0000   0.6272
900.0000   0.6269
901.0000   0.6267
902.0000   0.6264
903.0000   0.6262
904.0000   0.6259
905.0000   0.6257
906.0000   0.6254
907.0000   0.6252
908.0000   0.6249
909.0000   0.6246
910.0000   0.6244
911.0000   0.6242
912.0000   0.6240
913.0000   0.6238
914.0000   0.6236
915.0000   0.6235
916.0000   0.6234
917.0000   0.6233
918.0000   0.6232
919.0000   0.6231
920.0000   0.6230
921.0000   0.6230
922.0000   0.6230
923.0000   0.6229
924.0000   0.6229
925.0000   0.6229
926.0000   0.6229
927.0000   0.6230
928.0000   0.6230
929.0000   0.6230
930.0000   0.6230
931.0000   0.6231
932.0000   0.6231
933.0000   0.6230
934.0000   0.6230
935.0000   0.6230
936.0000   0.6230
937.0000   0.6230
938.0000   0.6229
939.0000   0.6229
940.0000   0.6228
941.0000   0.6228
942.0000   0.6227
943.0000   0.6226
944.0000   0.6225
945.0000   0.6224
946.0000   0.6223
947.0000   0.6222
948.0000   0.6221
949.0000   0.6219
950.0000   0.6218
951.0000   0.6217
952.0000   0.6215
953.0000   0.6213
954.0000   0.6212
955.0000   0.6210
956.0000   0.6209
957.0000   0.6207
958.0000   0.6205
959.0000   0.6203
960.0000   0.6201
961.0000   0.6199
962.0000   0.6197
963.0000   0.6195
964.0000   0.6193
965.0000   0.6191
966.0000   0.6189
967.0000   0.6186
968.0000   0.6183
969.0000   0.6180
970.0000   0.6178
971.0000   0.6175
972.0000   0.6173
973.0000   0.6170
974.0000   0.6168
975.0000   0.6165
976.0000   0.6164
977.0000   0.6161
978.0000   0.6159
979.0000   0.6158
980.0000   0.6156
981.0000   0.6154
982.0000   0.6152
983.0000   0.6151
984.0000   0.6150
985.0000   0.6150
986.0000   0.6149
987.0000   0.6148
988.0000   0.6147
989.0000   0.6146
990.0000   0.6145
991.0000   0.6145
992.0000   0.6144
993.0000   0.6144
994.0000   0.6143
995.0000   0.6143
996.0000   0.6142
997.0000   0.6142
998.0000   0.6141
999.0000   0.6140
1000.0000   0.6141
