  556   329
  811   329
  967   329
   41   329
  343   329
  355   329
  248   329
  356   329
   83   329
  585   329
  762   329
  836   329
  739   330
  532   329
  482   329
  387   329
  197   329
  430   329
  973   330
  986   329
  207   329
  104   330
  638   329
  366   329
  770   329
  709   329
  989   329
  570   329
  155   329
  678   329
  200   329
  138   329
  105   330
  993   329
  807   329
  203   329
  369   329
  990   329
  175   329
  110   330
  284   329
  526   329
  169   329
  152   329
  915   329
   90   329
   55   329
  123   330
   69   329
  429   329
  361   329
  555   329
  187   329
  804   329
  539   329
  252   329
  341   329
  492   329
  409   329
   63   329
    4   329
  512   329
  313   329
   99   330
  537   329
  712   329
  760   329
  180   329
  732   331
  225   329
  491   329
  731   331
  748   330
  740   330
  188   329
  619   329
  700   329
  620   329
  944   329
  864   329
  208   328
  899   329
  251   329
  690   327
  662   329
  159   329
  395   329
  374   329
  719   329
  240   329
  243   329
  730   331
  875   329
  128   330
  787   329
  487   329
  460   329
  241   329
  796   329
  380   329
